precision <- 1e-9
timeout <- 600
gamma <- 0.99
Tmax_SIM <- 1000
