precision <- 1e-9
timeout <- 600
gamma <- 0.9
Tmax_SIM <- 100

