precision <- 1e-9
timeout <- 600
gamma <- 0.95
Tmax_SIM <- 100

