precision <- 1e-5
timeout <- 30
gamma <- 0.95
Tmax_SIM <- 1000
